160.399436
12.236650
13.202583
12.909371
13.367475
12.860930
25.056838
11.965252
12.600439
12.933431
12.364971
12.210023
15.882559
12.921240
13.169540
12.354705
13.796387
12.203928
15.202780
11.645413
12.317492
11.670115
12.322946
11.603067
14.944535
12.322946
12.170886
11.347709
13.899043
13.711374
11.276812
11.274245
11.257243
14.227223
11.870615
11.273925
14.082541
11.842385
11.740370
12.160620
11.084973
12.181473
11.518376
12.101272
11.389092
12.034545
13.057902
12.242425
11.293814
12.410846
12.028770
12.418545
10.918156
10.989695
15.444344
11.384280
12.312039
10.946065
12.407637
10.550838
12.666524
10.821595
12.720419
10.974297
12.703416
10.989695
12.775596
11.242166
12.599476
14.187444
13.501570
11.464481
12.608780
11.165173
12.559055
11.078557
12.686093
11.035249
12.662674
11.354125
12.193984
11.219068
12.275788
11.101655
12.383577
11.111920
11.537624
14.028326
12.259106
11.219710
14.158250
11.708611
11.224522
14.160817
11.892430
11.204312
13.977639
11.845272
11.302476
14.084145
11.918735
11.948571
11.392942
11.786886
11.608521
12.559377
11.237995
12.468590
14.386341
13.699184
11.327178
12.916749
11.249223
12.129182
14.158250
13.089340
11.140151
15.420283
11.832761
12.560980
11.395188
12.282204
11.300551
12.204249
11.286757
12.128540
11.144000
12.319096
11.031720
12.261352
10.974617
12.367217
13.745379
12.192059
11.330065
15.164925
11.869974
12.172169
11.450366
12.352780
10.972050
15.276885
11.855538
12.460570
11.401924
12.134314
10.963068
12.110575
11.244732
12.112820
11.052572
12.038074
10.870357
12.506444
11.078236
12.342515
10.946708
12.001182
10.819029
14.923683
11.540832
11.886656
11.037815
12.272259
11.009584
14.949027
10.837315
12.167357
13.960637
12.459928
10.990016
12.122445
10.968843
11.249544
11.177364
10.843089
11.370807
11.290607
11.478275
11.059309
11.357012
10.842447
11.280020
10.782457
13.827504
11.443949
11.521263
10.877414
11.210086
11.047760
11.653112
10.922005
11.503618
11.027549
11.524471
11.459348
