18.610333
18.434533
18.268038
18.043156
18.755977
17.764380
30.676958
17.489453
17.478545
17.172180
17.284140
17.306596
17.010817
16.988361
16.926767
16.942166
17.176672
16.737815
19.359404
16.357023
16.680712
16.372743
16.601474
16.092363
16.346438
16.346438
16.390388
16.765725
16.176733
15.846308
16.221645
16.126047
16.126688
16.542768
16.122518
15.732424
15.976874
15.940623
15.994518
15.527110
15.883521
15.755200
15.815831
15.451722
15.611160
15.444665
16.364402
16.182187
15.823210
16.509726
15.452364
15.743972
16.017937
15.609236
15.956022
15.878708
15.856894
15.964042
16.079852
16.396483
15.881596
15.804604
15.956343
15.615010
15.604424
16.271370
15.734028
16.508763
16.533786
16.143691
16.000292
16.633555
16.500101
16.027882
16.770536
16.392312
16.351249
16.259821
16.866777
16.420542
16.129896
15.965005
16.248914
16.175450
16.448773
15.979762
16.042959
16.143691
16.404181
16.430166
16.196944
16.370498
16.290297
16.652161
15.915601
16.570678
16.428242
16.123801
16.005747
15.922338
16.314678
16.268161
16.156523
16.226458
16.023712
16.079209
16.092042
16.241536
16.216513
16.227741
15.831872
15.907902
15.773807
15.829947
15.720233
15.697135
15.679812
15.993555
15.852724
16.187320
16.115781
15.681095
15.907580
15.681095
15.601537
15.935490
15.562078
15.671151
16.033656
16.771499
16.354457
16.184753
15.896994
16.300563
16.047450
16.083380
16.181545
16.298959
15.970137
16.184112
16.247952
16.698998
15.982328
16.042317
15.562719
16.259821
15.984894
16.072152
16.303450
16.353494
16.280994
15.877747
16.246347
16.103911
16.014087
16.070869
16.352212
16.032373
15.867160
16.656011
16.284523
16.158448
15.812303
16.250838
16.120913
16.025636
16.238648
16.034939
15.948964
16.295430
16.397766
15.855611
16.069265
16.036543
16.072473
16.242818
16.058999
16.156844
16.092684
16.350287
16.139842
16.394558
16.233836
16.320452
16.081776
16.642537
15.714138
15.716384
16.002859
16.342909
16.114498
16.247951
15.930679
15.709325
16.190207
16.445244
15.747501
15.907260
15.624955
16.160052
15.817115
16.416051
15.672434
15.538980
15.862027
16.043922
15.808774
16.134708
15.628483
15.981365
15.769315
16.131500
15.737877
15.897315
15.818077
16.277145
15.686549
15.852724
15.838930
16.226137
15.679170
15.683020
15.515561
15.823531
15.474499
15.629126
15.952814
15.642599
15.745576
15.821606
15.798508
15.666338
15.801396
15.925867
15.764504
15.873897
15.848874
15.983290
15.767391
15.716704
15.882238
15.801396
15.539301
16.133426
15.493748
15.955380
15.970138
15.661847
15.735631
16.077285
16.057075
15.706438
15.574910
15.470007
15.497276
15.353878
15.567531
15.314419
15.693927
16.105515
15.394620
15.302549
15.509787
15.596724
15.793054
15.707722
15.965967
15.204064
15.727932
15.554699
15.584855
15.995481
15.393336
15.514599
15.260845
15.986819
15.052646
15.621747
16.110969
16.662747
15.737877
16.016011
15.463913
15.132524
15.416113
15.546680
15.356445
